              precision    recall  f1-score   support

           0       0.69      0.72      0.70       400
           1       0.57      0.70      0.63       400
           2       0.94      0.90      0.92       400
           3       1.00      0.99      0.99       400
           4       0.95      0.96      0.96       400
           5       0.96      0.92      0.94       400
           6       0.94      0.96      0.95       400
           7       0.98      0.99      0.99       400
           8       0.95      0.97      0.96       400
           9       0.72      0.83      0.77       400
           A       0.97      0.99      0.98       400
           B       0.97      0.98      0.98       400
           C       0.97      0.97      0.97       400
           D       0.95      0.94      0.94       400
           E       0.98      0.99      0.99       400
           F       0.67      0.71      0.69       400
           G       0.95      0.97      0.96       400
           H       0.97      0.99      0.98       400
           I       0.70      0.65      0.68       400
           J       0.98      0.96      0.97       400
           K       0.98      0.99      0.99       400
           L       0.64      0.54      0.59       400
           M       0.99      0.99      0.99       400
           N       0.95      0.98      0.97       400
           O       0.72      0.69      0.71       400
           P       0.99      0.97      0.98       400
           Q       0.96      0.96      0.96       400
           R       0.96      0.99      0.97       400
           S       0.91      0.95      0.93       400
           T       0.95      0.94      0.94       400
           U       0.95      0.95      0.95       400
           V       0.93      0.94      0.94       400
           W       0.99      0.99      0.99       400
           X       0.99      0.97      0.98       400
           Y       0.96      0.94      0.95       400
           Z       0.90      0.95      0.92       400
           a       0.90      0.96      0.93       400
           b       0.96      0.92      0.94       400
           d       0.98      0.98      0.98       400
           e       0.98      0.98      0.98       400
           f       0.68      0.62      0.65       400
           g       0.81      0.71      0.76       400
           h       0.96      0.96      0.96       400
           n       0.96      0.93      0.94       400
           q       0.75      0.63      0.68       400
           r       0.96      0.95      0.96       400
           t       0.92      0.94      0.93       400

    accuracy                           0.90     18800
   macro avg       0.90      0.90      0.90     18800
weighted avg       0.90      0.90      0.90     18800
