              precision    recall  f1-score   support

           0       0.61      0.85      0.71       400
           1       0.53      0.82      0.64       400
           2       0.92      0.89      0.91       400
           3       0.99      0.98      0.99       400
           4       0.94      0.92      0.93       400
           5       0.96      0.88      0.92       400
           6       0.92      0.95      0.93       400
           7       0.97      0.99      0.98       400
           8       0.92      0.96      0.94       400
           9       0.68      0.83      0.74       400
           A       0.96      0.98      0.97       400
           B       0.97      0.96      0.96       400
           C       0.96      0.96      0.96       400
           D       0.94      0.90      0.92       400
           E       0.99      0.98      0.98       400
           F       0.73      0.57      0.64       400
           G       0.94      0.95      0.94       400
           H       0.96      0.98      0.97       400
           I       0.73      0.62      0.67       400
           J       0.94      0.94      0.94       400
           K       0.97      0.96      0.96       400
           L       0.68      0.40      0.50       400
           M       0.97      0.97      0.97       400
           N       0.93      0.98      0.95       400
           O       0.79      0.49      0.61       400
           P       0.96      0.97      0.97       400
           Q       0.91      0.94      0.92       400
           R       0.95      0.99      0.97       400
           S       0.87      0.94      0.90       400
           T       0.95      0.91      0.93       400
           U       0.94      0.93      0.94       400
           V       0.93      0.94      0.93       400
           W       0.99      0.99      0.99       400
           X       0.97      0.95      0.96       400
           Y       0.94      0.91      0.92       400
           Z       0.90      0.93      0.92       400
           a       0.90      0.92      0.91       400
           b       0.94      0.90      0.92       400
           d       0.95      0.97      0.96       400
           e       0.97      0.97      0.97       400
           f       0.64      0.71      0.67       400
           g       0.70      0.68      0.69       400
           h       0.94      0.92      0.93       400
           n       0.94      0.92      0.93       400
           q       0.71      0.53      0.61       400
           r       0.92      0.95      0.93       400
           t       0.87      0.93      0.90       400

    accuracy                           0.88     18800
   macro avg       0.89      0.88      0.88     18800
weighted avg       0.89      0.88      0.88     18800
